0 0.0 0 0 0 0.0 0 0
1 1.0 29 1 0 0.0 0 0
1 1.0 29 2 0 0.0 0 0
1 1.0 29 3 0 0.0 0 0
1 100.0 7 4 0 0.0 0 0
1 100.0 7 5 0 0.0 0 0
1 100.0 7 6 0 0.0 0 0
1 0.01 28 7 0 0.0 0 0
1 0.01 28 105 0 0.0 0 0
1 0.01 28 106 0 0.0 0 0
4 16.0 0 70 4 16.0 0 71
4 16.0 0 72 4 16.0 0 73
2 0.0 0 82 2 0.0 0 83
1 0.01 28 13 0 0.0 0 0
1 1.0 1 14 0 0.0 0 0
1 1.0 1 15 0 0.0 0 0
1 1.0 1 16 0 0.0 0 0
1 1.0 1 17 0 0.0 0 0
1 1.0 1 18 0 0.0 0 0
1 1.0 1 19 0 0.0 0 0
2 0.0 0 107 0 0.0 0 0
1 1.0 27 108 0 0.0 0 0
1 1.0 27 109 0 0.0 0 0
1 1.0 27 110 0 0.0 0 0
2 0.0 0 84 2 0.0 0 85
2 0.0 0 27 2 0.0 0 28
1 100.0 7 24 0 0.0 0 0
1 100.0 7 25 0 0.0 0 0
1 100.0 7 26 0 0.0 0 0
2 0.0 0 30 4 180.0 0 31
4 180.0 0 32 4 180.0 0 33
5 0.0 0 34 0 0.0 0 0
3 45.0 0 35 3 45.0 0 36
3 45.0 0 37 0 0.0 0 0
4 180.0 0 38 4 180.0 0 39
4 180.0 0 40 0 0.0 0 0
4 180.0 0 41 4 180.0 0 42
4 180.0 0 43 4 180.0 0 44
5 0.0 0 45 0 0.0 0 0
5 0.0 0 46 0 0.0 0 0
5 0.0 0 47 0 0.0 0 0
5 0.0 0 48 0 0.0 0 0
5 0.0 0 49 0 0.0 0 0
5 0.0 0 50 0 0.0 0 0
6 0.0 0 0 6 0.0 0 1
6 0.0 0 2 6 0.0 0 3
6 0.0 0 4 6 0.0 0 5
6 0.0 0 6 6 0.0 0 7
6 0.0 0 8 6 0.0 0 9
6 0.0 0 10 6 0.0 0 11
1 0.01 28 51 0 0.0 0 0
1 1.0 29 52 0 0.0 0 0
1 1.0 29 53 0 0.0 0 0
1 1.0 29 54 0 0.0 0 0
1 100.0 7 55 0 0.0 0 0
1 100.0 7 56 0 0.0 0 0
1 100.0 7 57 0 0.0 0 0
1 0.01 28 58 0 0.0 0 0
3 45.0 0 59 3 45.0 0 60
3 45.0 0 61 0 0.0 0 0
2 0.0 0 62 2 0.0 0 63
2 0.0 0 64 2 0.0 0 65
2 0.0 0 66 2 0.0 0 67
2 0.0 0 68 2 0.0 0 69
1 360.0 0 111 0 0.0 0 0
1 360.0 0 112 0 0.0 0 0
1 360.0 0 113 0 0.0 0 0
5 0.0 0 0 114 0 0.0 0 0
1 1.0 -1 115 0 0.0 0 0
1 1.0 -1 116 0 0.0 0 0
1 1.0 -1 117 0 0.0 0 0
1 1.0 -1 118 0 0.0 0 0
1 1.0 -1 119 0 0.0 0 0
1 1.0 -1 120 0 0.0 0 0
2 0.0 0 84 2 0.0 0 85
2 0.0 0 27 2 0.0 0 28
4 180.0 0 121 3 100.0 14 122
3 100.0 14 123 3 100.0 14 124
2 0.0 0 125 2 0.0 0 126
4 1.0 16 87 4 1.0 16 88
2 0.0 0 89 2 0.0 0 90
1 0.01 28 91 0 0.0 0 0
3 45.0 0 35 3 45.0 0 36
3 45.0 0 37 0 0.0 0 0
4 180.0 0 38 4 180.0 0 39
4 180.0 0 40 0 0.0 0 0
4 180.0 0 41 4 180.0 0 42
4 180.0 0 43 4 180.0 0 44
3 45.0 0 92 3 45.0 0 93
4 16.0 0 94 4 16.0 0 95
5 0.0 0 96 0 0.0 0 0
5 0.0 0 97 0 0.0 0 0
5 0.0 0 98 0 0.0 0 0
5 0.0 0 99 0 0.0 0 0
6 0.0 0 0 6 0.0 0 1
6 0.0 0 2 6 0.0 0 3
6 0.0 0 4 6 0.0 0 5
6 0.0 0 6 6 0.0 0 7
6 0.0 0 8 6 0.0 0 9
6 0.0 0 10 6 0.0 0 11